574 4243
1679 34464
509 3084
33711 794846
4803 996336
7799 756810
140 964
3930 774196
499 8352
681 3982
6676 904923
77 4216
2357 37555
8501 49248
4734 195261
2757 272809
763 8847
96335 168992
1230 57430
75428 999499
1039 829771
7983 14664
1485 46738
1925 65413
9823 67837
293 5920
591 1970
556 8447
80041 635112
27711 31595
2492 59960
79912 79913
3621 953109
85011 789127
537 5140
794 938
701 1898
7500 666806
2797 875472
5256 20929
8778 8778
61552 435460
3423 760555
598 781565
63535 158422
4270 50546
9827 13597
651 6606
5673 362992
5992 79444
53388 609280
3822 50772
1235 36922
125682 46636
476357 87950
9893  710
19861 848925
1617 17224
75641 558959
8826 770836
5562 339
81455 881114
3091 33323
9303 85601
7381 130747
1057 760065
3622 371901
811 4422
16391 115739
1 1
1179 49011
2864 733024
900 8818
831 4810
80297 935198
235 401
8621 403643
34329 797828
94 3405
203 253209
9412 46397
8024 293320
130 8149
7442 87223
1122 1122
736 5687
856 4726
20227 687880
43174 275408
92364 634116
7868 14211
28583 556284
1 999999
321 58
992 3405
426 8209
1971 79254
74788 583592
2865 447684
4393 56415